2 0.0425 0.72 0.02 0.06
1 0.095 0.7275 0.0425 0.07
1 0.175 0.6975 0.0175 0.045
1 0.26 0.7525 0.04 0.06
2 0.325 0.565 0.025 0.045
1 0.3525 0.5825 0.035 0.0475
0 0.395 0.595 0.03 0.0375
2 0.37 0.6625 0.0325 0.0525
1 0.32 0.6975 0.0375 0.0475
1 0.415 0.675 0.0375 0.06
1 0.455 0.6225 0.035 0.0625
1 0.5475 0.5925 0.03 0.045
1 0.5025 0.6975 0.04 0.0625
1 0.525 0.7725 0.0425 0.075
1 0.6 0.58 0.0375 0.06
2 0.575 0.96 0.0475 0.07
1 0.565 0.4825 0.0275 0.0375
1 0.51 0.4475 0.0225 0.04
1 0.615 0.49 0.025 0.04
1 0.7275 0.4125 0.025 0.0375
1 0.785 0.4225 0.0175 0.03
1 0.905 0.5 0.025 0.0325