2 0.135 0.4375 0.065 0.105
2 0.14 0.2975 0.0575 0.085
1 0.215 0.28 0.05 0.07
2 0.275 0.34 0.0475 0.08
1 0.305 0.2625 0.045 0.085
2 0.235 0.195 0.0525 0.0975
1 0.1275 0.6225 0.05 0.145
2 0.1925 0.68 0.075 0.145
2 0.2625 0.79 0.075 0.155
1 0.37 0.8675 0.0975 0.185
1 0.37 0.51 0.065 0.1275
1 0.37 0.345 0.0625 0.0875
2 0.365 0.175 0.0375 0.0675
1 0.46 0.185 0.0425 0.0975
1 0.4425 0.24 0.03 0.085
1 0.51 0.1825 0.0425 0.085
2 0.57 0.1325 0.04 0.08
2 0.62 0.205 0.0625 0.11
1 0.4625 0.4475 0.055 0.105
1 0.455 0.6225 0.065 0.1025
1 0.56 0.5075 0.0625 0.1275
2 0.48 0.7975 0.0425 0.105
2 0.43 0.835 0.0425 0.155
1 0.615 0.9 0.09 0.1625
1 0.6425 0.5575 0.07 0.125
1 0.7 0.7825 0.0525 0.15
1 0.6775 0.405 0.05 0.0925
1 0.755 0.525 0.0575 0.11
2 0.6775 0.12 0.05 0.0875
2 0.675 0.24 0.04 0.0625
2 0.725 0.1475 0.045 0.075
1 0.8175 0.115 0.035 0.08
2 0.76 0.2525 0.045 0.08
1 0.8375 0.505 0.07 0.08
2 0.89 0.74 0.08 0.125