1 0.015 0.515 0.0225 0.045
1 0.075 0.805 0.02 0.035
1 0.0725 0.4925 0.025 0.045
1 0.1375 0.5025 0.025 0.0525
2 0.1175 0.63 0.025 0.05
2 0.165 0.71 0.02 0.045
1 0.1325 0.3725 0.025 0.045
1 0.185 0.3825 0.0125 0.045
2 0.145 0.27 0.0225 0.04
1 0.09 0.1525 0.0175 0.04
1 0.2725 0.6875 0.03 0.0575
1 0.34 0.895 0.0325 0.0575
1 0.3025 0.6225 0.025 0.0525
2 0.2975 0.4825 0.02 0.04
1 0.275 0.4125 0.02 0.045
1 0.3725 0.49 0.02 0.045
1 0.3925 0.6975 0.03 0.0525
1 0.43 0.8125 0.0275 0.0625
1 0.3975 0.8 0.03 0.0625
1 0.48 0.915 0.0175 0.045
1 0.49 0.655 0.0275 0.0575
1 0.475 0.605 0.0325 0.035
1 0.45 0.4525 0.0275 0.045
1 0.36 0.3725 0.0275 0.045
1 0.23 0.26 0.0225 0.03
2 0.22 0.22 0.02 0.04
2 0.2775 0.27 0.025 0.045
2 0.3125 0.245 0.02 0.035
1 0.38 0.2725 0.0225 0.04
1 0.36 0.2075 0.025 0.04
1 0.275 0.08 0.0175 0.035
1 0.3125 0.05 0.015 0.035
1 0.34 0.165 0.0175 0.035
1 0.415 0.1575 0.02 0.03
1 0.255 0.205 0.0175 0.035
1 0.4375 0.375 0.025 0.04
1 0.475 0.3175 0.0225 0.05
1 0.505 0.365 0.0225 0.045
1 0.5175 0.4825 0.02 0.04
1 0.63 0.8775 0.0325 0.0575
1 0.675 0.9675 0.035 0.0575
1 0.6225 0.57 0.025 0.04
1 0.63 0.405 0.025 0.035
1 0.56 0.3825 0.0225 0.045
1 0.58 0.3475 0.02 0.035
1 0.585 0.28 0.0175 0.035
1 0.53 0.205 0.02 0.035
1 0.33 0.015 0.015 0.03
2 0.42 0.0475 0.0125 0.03
1 0.45 0.03 0.02 0.035
1 0.52 0.075 0.0175 0.035
1 0.5625 0.03 0.015 0.03
1 0.65 0.1375 0.0175 0.035
2 0.675 0.11 0.0175 0.0275
1 0.6625 0.2825 0.02 0.03
1 0.7 0.3925 0.02 0.04
1 0.73 0.6125 0.03 0.0525
1 0.725 0.445 0.0225 0.045
1 0.75 0.4925 0.025 0.045
1 0.765 0.4175 0.0225 0.045
1 0.76 0.5875 0.0225 0.045
1 0.7075 0.0725 0.015 0.03
1 0.67 0.015 0.0175 0.03
1 0.735 0.015 0.0125 0.03
1 0.77 0.0325 0.0125 0.03
2 0.77 0.0775 0.015 0.03
2 0.7425 0.1575 0.015 0.03
1 0.81 0.2075 0.02 0.04
1 0.865 0.1125 0.0175 0.03
2 0.875 0.015 0.02 0.03
1 0.91 0.11 0.0175 0.03
1 0.895 0.1825 0.02 0.035
1 0.89 0.26 0.0225 0.04
1 0.855 0.29 0.0175 0.04
1 0.91 0.31 0.02 0.04
1 0.95 0.25 0.0125 0.0275
1 0.9225 0.3775 0.025 0.045
1 0.955 0.455 0.025 0.04
1 0.9675 0.3075 0.02 0.045
1 0.8575 0.075 0.015 0.0275
1 0.9875 0.675 0.02 0.0525
1 0.985 0.585 0.0225 0.05
1 0.94 0.51 0.0225 0.035