1 0.195 0.445 0.0775 0.145
2 0.39 0.61 0.14 0.2925
1 0.09 0.3375 0.06 0.12
0 0.165 0.175 0.045 0.1025
2 0.22 0.3275 0.055 0.0875
1 0.28 0.2575 0.0525 0.08
1 0.3475 0.2375 0.06 0.085
1 0.425 0.2825 0.05 0.08
1 0.47 0.355 0.0575 0.105
1 0.545 0.365 0.0675 0.085
2 0.4625 0.1675 0.035 0.07
1 0.38 0.095 0.0225 0.04
1 0.465 0.08 0.025 0.045
1 0.675 0.4525 0.0925 0.155
1 0.13 0.2025 0.0375 0.085
1 0.265 0.18 0.045 0.0675
1 0.575 0.055 0.015 0.03
1 0.795 0.8975 0.0675 0.185
1 0.84 0.5375 0.0875 0.1725
1 0.825 0.285 0.0675 0.1025
1 0.815 0.4225 0.0375 0.0925
1 0.775 0.205 0.0425 0.1025
1 0.87 0.17 0.0325 0.0675