2 0.15 0.84 0.1175 0.2125
2 0.065 0.5875 0.1025 0.1425
1 0.045 0.3875 0.0825 0.0975
1 0.14 0.37 0.09 0.17
1 0.2075 0.345 0.04 0.085
2 0.275 0.41 0.0925 0.1725
1 0.345 0.6775 0.1125 0.19
1 0.4425 0.6475 0.085 0.1475
1 0.585 0.6375 0.1325 0.2275
1 0.495 0.4425 0.0425 0.1475
2 0.3575 0.36 0.065 0.1325
0 0.4525 0.31 0.07 0.125
2 0.58 0.28 0.0625 0.115
2 0.21 0.1825 0.055 0.0975
1 0.1725 0.2025 0.035 0.085
1 0.12 0.135 0.0425 0.075
1 0.03 0.2075 0.0575 0.12
0 0.0725 0.1975 0.035 0.075
1 0.195 0.0425 0.0275 0.05
1 0.245 0.1175 0.0225 0.05
1 0.2625 0.19 0.045 0.085
1 0.41 0.3175 0.04 0.1025
1 0.38 0.2125 0.0375 0.0625
1 0.335 0.1625 0.0375 0.0575
1 0.375 0.1525 0.0425 0.0575
1 0.3325 0.0525 0.025 0.0525
1 0.29 0.06 0.0125 0.04
1 0.395 0.0775 0.0225 0.05
1 0.41 0.1125 0.03 0.05
2 0.48 0.1225 0.0375 0.075
1 0.51 0.2075 0.0425 0.0925
1 0.505 0.2775 0.0425 0.085
1 0.515 0.05 0.0125 0.0525
1 0.5775 0.0575 0.02 0.045
1 0.635 0.04 0.0275 0.0525
0 0.655 0.1675 0.045 0.075
2 0.625 0.27 0.025 0.0925
1 0.68 0.375 0.0625 0.1025
1 0.685 0.1775 0.0275 0.07
2 0.6975 0.0575 0.02 0.045
1 0.68 0.5225 0.0275 0.075
1 0.7475 0.575 0.08 0.1725
1 0.815 0.7725 0.1225 0.25
1 0.8475 0.28 0.06 0.115
2 0.955 0.3175 0.025 0.1025
1 0.895 0.26 0.035 0.1025
1 0.74 0.3575 0.0525 0.075
1 0.795 0.21 0.0475 0.085
1 0.78 0.11 0.045 0.09
0 0.8275 0.0875 0.03 0.085
1 0.9125 0.1275 0.02 0.0575