1 0.04 0.8775 0.065 0.115
1 0.125 0.7825 0.065 0.11
0 0.165 0.7125 0.0525 0.095
2 0.095 0.475 0.0425 0.07
1 0.0825 0.35 0.04 0.09
1 0.025 0.3175 0.035 0.0725
2 0.08 0.045 0.05 0.0825
1 0.295 0.0725 0.0525 0.0825
1 0.2575 0.2675 0.055 0.07
1 0.2625 0.495 0.045 0.09
1 0.3725 0.9225 0.07 0.105
1 0.515 0.7425 0.0625 0.0825
1 0.565 0.8225 0.0725 0.1025
1 0.495 0.4275 0.0575 0.095
1 0.48 0.275 0.0625 0.085
1 0.49 0.1475 0.0575 0.0725
1 0.64 0.49 0.0475 0.0825
1 0.66 0.27 0.0525 0.09
1 0.745 0.2675 0.0575 0.095
1 0.93 0.64 0.07 0.0725
1 0.89 0.3425 0.06 0.0825
1 0.82 0.2 0.045 0.0725
1 0.8175 0.0875 0.045 0.06