1 0.04 0.9475 0.0725 0.0875
1 0.12 0.85 0.07 0.1325
0 0.165 0.7625 0.055 0.12
2 0.0925 0.475 0.05 0.0925
1 0.2625 0.4975 0.05 0.11
1 0.26 0.22 0.0575 0.0925
1 0.0825 0.3225 0.045 0.105
1 0.02 0.28 0.0325 0.0875
1 0.56 0.9 0.0725 0.1275
1 0.5175 0.805 0.065 0.0975
1 0.4975 0.4125 0.06 0.105
1 0.48 0.22 0.0625 0.0925
1 0.485 0.065 0.0575 0.075
1 0.66 0.22 0.055 0.11
1 0.64 0.485 0.055 0.1025
1 0.7475 0.2175 0.06 0.115
1 0.82 0.1375 0.0575 0.0875
1 0.895 0.3175 0.0675 0.1025
1 0.9325 0.68 0.065 0.1025