1 0.1275 0.0475 0.015 0.0225
1 0.0875 0.1975 0.02 0.03
2 0.14 0.2875 0.0225 0.035
1 0.13 0.3675 0.0275 0.04
1 0.175 0.375 0.0175 0.04
1 0.015 0.48 0.025 0.04
1 0.07 0.4625 0.025 0.0325
1 0.13 0.4725 0.03 0.04
2 0.11 0.57 0.0275 0.04
1 0.075 0.7025 0.0275 0.0325
2 0.16 0.6325 0.0225 0.04
1 0.36 0.015 0.0175 0.025
1 0.35 0.055 0.0225 0.0325
1 0.315 0.0925 0.015 0.025
1 0.3 0.1175 0.015 0.03
1 0.265 0.1475 0.02 0.03
1 0.245 0.2375 0.0175 0.0225
2 0.21 0.2475 0.0175 0.0225
1 0.22 0.2825 0.0175 0.025
2 0.265 0.2875 0.02 0.03
1 0.2625 0.4 0.02 0.0325
2 0.285 0.45 0.0175 0.03
0 0.29 0.56 0.0275 0.0425
1 0.26 0.6125 0.03 0.0425
1 0.325 0.7775 0.0325 0.05
1 0.245 0.9475 0.0375 0.055
1 0.4525 0.015 0.01 0.0175
1 0.4175 0.055 0.015 0.025
1 0.39 0.0675 0.0175 0.0225
2 0.4 0.1175 0.0125 0.025
1 0.43 0.105 0.02 0.0325
1 0.325 0.2075 0.0175 0.025
1 0.395 0.205 0.0175 0.03
2 0.345 0.24 0.02 0.0325
2 0.3 0.27 0.0175 0.03
1 0.365 0.2925 0.0225 0.0325
1 0.34 0.3675 0.0225 0.025
1 0.4525 0.325 0.02 0.0325
1 0.42 0.37 0.025 0.03
1 0.355 0.46 0.02 0.035
1 0.43 0.4325 0.0225 0.035
1 0.375 0.6225 0.025 0.0425
1 0.38 0.6975 0.025 0.0425
1 0.41 0.71 0.0275 0.0475
1 0.41 0.9375 0.0375 0.055
1 0.46 0.7925 0.0175 0.035
1 0.47 0.5875 0.0275 0.04
1 0.455 0.5475 0.0275 0.03
1 0.475 0.0675 0.0125 0.0225
1 0.545 0.0325 0.0125 0.0225
1 0.51 0.0775 0.0125 0.01
1 0.54 0.105 0.0175 0.025
1 0.5725 0.0625 0.015 0.025
1 0.495 0.14 0.0175 0.03
1 0.5325 0.2 0.01 0.0175
1 0.505 0.24 0.0225 0.025
1 0.56 0.2975 0.02 0.03
1 0.485 0.3625 0.02 0.035
1 0.555 0.35 0.02 0.03
1 0.535 0.375 0.0225 0.04
1 0.495 0.455 0.02 0.0325
1 0.6275 0.01 0.015 0.0175
1 0.64 0.0875 0.015 0.025
1 0.665 0.0675 0.0125 0.0225
1 0.6925 0.0875 0.01 0.0225
1 0.7025 0.0925 0.015 0.025
2 0.675 0.1375 0.0125 0.0225
1 0.735 0.1075 0.015 0.03
2 0.7375 0.1425 0.015 0.025
1 0.71 0.2025 0.0175 0.025
2 0.645 0.17 0.0175 0.0225
0 0.6225 0.1875 0.02 0.03
1 0.635 0.2975 0.02 0.025
1 0.605 0.395 0.0225 0.0325
1 0.67 0.385 0.02 0.03
1 0.595 0.5225 0.0275 0.0325
1 0.605 0.76 0.0325 0.0475
1 0.5475 0.87 0.035 0.05
1 0.645 0.83 0.0325 0.0475
1 0.765 0.0125 0.02 0.025
1 0.82 0.075 0.015 0.03
2 0.84 0.09 0.0125 0.0225
1 0.82 0.1425 0.0125 0.025
1 0.825 0.17 0.0175 0.025
1 0.775 0.24 0.02 0.0325
1 0.82 0.305 0.0175 0.03
1 0.695 0.425 0.0225 0.035
1 0.73 0.4 0.0225 0.0325
1 0.7175 0.4625 0.025 0.0325
1 0.725 0.5375 0.0225 0.04
1 0.7 0.555 0.0275 0.0425
1 0.7575 0.915 0.035 0.055
1 0.9025 0.9775 0.04 0.04
1 0.965 0.9825 0.0375 0.03
1 0.91 0.805 0.0325 0.0425
1 0.94 0.785 0.0275 0.05
1 0.945 0.605 0.0275 0.0425
1 0.945 0.535 0.0275 0.04
1 0.9925 0.49 0.005 0.04
1 0.8975 0.4775 0.02 0.0175
1 0.915 0.435 0.0225 0.035
1 0.88 0.375 0.0225 0.035
1 0.925 0.32 0.02 0.035
1 0.87 0.3225 0.0225 0.0325
1 0.85 0.2825 0.0175 0.0325
1 0.91 0.2725 0.0125 0.0225
1 0.855 0.2225 0.02 0.03
1 0.87 0.1675 0.015 0.025
1 0.96 0.1825 0.0125 0.025
1 0.9825 0.105 0.015 0.025
1 0.895 0.0725 0.015 0.0225
1 0.87 0.0425 0.0125 0.025
1 0.93 0.0525 0.015 0.0175
2 0.9575 0.03 0.01 0.0225
2 0.99 0.07 0.01 0.02