1 0.1075 0.585 0.08 0.18
1 0.0675 0.2675 0.065 0.145
1 0.135 0.12 0.0575 0.15
1 0.225 0.5125 0.065 0.17
1 0.165 0.4075 0.055 0.135
1 0.3325 0.595 0.06 0.2
1 0.2725 0.935 0.095 0.1225
1 0.4275 0.8975 0.11 0.195
1 0.42 0.36 0.07 0.175
1 0.34 0.2425 0.0625 0.145
1 0.545 0.3775 0.06 0.145
1 0.58 0.785 0.0825 0.16
1 0.63 0.585 0.0625 0.18
1 0.605 0.325 0.065 0.165
1 0.6625 0.125 0.055 0.135
2 0.535 0.0925 0.0475 0.0975
1 0.765 0.4175 0.0575 0.145
1 0.8075 0.68 0.09 0.205
1 0.86 0.65 0.0575 0.155
1 0.9625 0.46 0.065 0.19
1 0.925 0.2025 0.0625 0.15
1 0.945 0.055 0.0525 0.0925
1 0.85 0.3625 0.0675 0.14
1 0.975 0.8875 0.0475 0.2125