2 0.06 0.4825 0.0925 0.1375
2 0.085 0.12 0.0675 0.0975
1 0.145 0.0875 0.055 0.0925
1 0.31 0.0425 0.0575 0.085
2 0.2275 0.115 0.07 0.1075
2 0.2625 0.28 0.045 0.075
2 0.215 0.475 0.085 0.1275
2 0.155 0.6375 0.1075 0.1075
1 0.21 0.875 0.13 0.22
2 0.3575 0.6575 0.14 0.16
2 0.325 0.3775 0.0925 0.1225
2 0.345 0.135 0.0725 0.075
2 0.4375 0.15 0.065 0.09
1 0.5 0.1125 0.0725 0.0975
1 0.4875 0.3475 0.09 0.1275
2 0.57 0.26 0.0625 0.1
2 0.63 0.11 0.0775 0.115
2 0.735 0.1075 0.0675 0.0775
2 0.745 0.265 0.0625 0.09
1 0.68 0.425 0.1 0.1525
2 0.635 0.6625 0.0925 0.1275
1 0.7525 0.795 0.1 0.1425
1 0.8275 0.4975 0.09 0.1375
2 0.865 0.145 0.06 0.0925
2 0.9725 0.085 0.045 0.08
1 0.925 0.315 0.0725 0.0975