1 0.09 0.8275 0.0625 0.0875
1 0.22 0.8275 0.0575 0.0875
1 0.33 0.855 0.055 0.0825
1 0.505 0.9 0.0675 0.0875
1 0.795 0.7675 0.0625 0.0725
1 0.9525 0.835 0.055 0.05
1 0.665 0.6575 0.0575 0.0775
1 0.85 0.5075 0.0475 0.06
1 0.98 0.5675 0.0325 0.0625
1 0.72 0.5025 0.0375 0.0525
1 0.5425 0.6775 0.055 0.07
1 0.4075 0.645 0.055 0.07
1 0.225 0.5875 0.03 0.0775
1 0.1875 0.5725 0.055 0.08
1 0.12 0.57 0.05 0.0725
1 0.0125 0.5425 0.025 0.0725
1 0.02 0.3925 0.04 0.0425
1 0.13 0.39 0.045 0.06
1 0.2625 0.4275 0.04 0.0575
1 0.3425 0.42 0.045 0.06
1 0.47 0.48 0.0525 0.06
1 0.57 0.4925 0.05 0.06
1 0.965 0.3525 0.0425 0.06
1 0.815 0.3175 0.0275 0.06
1 0.7225 0.305 0.04 0.0625
1 0.65 0.3025 0.045 0.0475
1 0.5375 0.25 0.04 0.06
1 0.4825 0.2575 0.035 0.06
1 0.3725 0.2125 0.035 0.06
1 0.29 0.23 0.0325 0.0525
1 0.18 0.2025 0.0325 0.0525
1 0.085 0.2025 0.04 0.0625
1 0.02 0.1925 0.0375 0.0575
1 0.0175 0.0975 0.03 0.0475
1 0.115 0.1025 0.0225 0.0475
1 0.205 0.14 0.0325 0.0525
1 0.3325 0.145 0.03 0.0575
1 0.485 0.1175 0.0275 0.0575
1 0.5725 0.15 0.035 0.06
1 0.695 0.18 0.035 0.06
1 0.7875 0.1575 0.04 0.0625
1 0.9 0.1925 0.035 0.0575
1 0.985 0.21 0.025 0.06
1 0.815 0.06 0.03 0.0475
1 0.74 0.0675 0.035 0.05
1 0.64 0.0625 0.0325 0.0575
1 0.5975 0.02 0.025 0.04
1 0.515 0.0575 0.0325 0.0475
1 0.445 0.06 0.0325 0.04
1 0.38 0.0475 0.0325 0.0475
1 0.29 0.03 0.0375 0.0475
1 0.175 0.0525 0.025 0.0375
1 0.11 0.025 0.03 0.05