1 0.085 0.2675 0.0425 0.085
1 0.165 0.315 0.05 0.0725
1 0.3 0.2325 0.0275 0.0575
1 0.355 0.295 0.0475 0.0975
1 0.37 0.235 0.03 0.06
1 0.405 0.275 0.04 0.0775
1 0.4525 0.4725 0.05 0.0825
1 0.4325 0.2525 0.015 0.0575
1 0.475 0.2725 0.0275 0.06
1 0.525 0.2675 0.03 0.07
1 0.56 0.2725 0.0425 0.0825
1 0.61 0.3025 0.0375 0.065
1 0.65 0.3275 0.0375 0.0775
1 0.71 0.35 0.0525 0.0825
1 0.72 0.215 0.0225 0.0525
1 0.7675 0.255 0.035 0.07
2 0.805 0.255 0.035 0.06
1 0.8375 0.2475 0.02 0.045
1 0.88 0.2375 0.04 0.065
1 0.935 0.255 0.0475 0.0775