1 0.0825 0.2325 0.045 0.0675
1 0.185 0.115 0.0325 0.0475
1 0.255 0.28 0.0425 0.06
1 0.37 0.085 0.0325 0.045
1 0.4125 0.145 0.04 0.0625
1 0.515 0.355 0.0525 0.085
1 0.455 0.08 0.0375 0.055
1 0.5175 0.09 0.035 0.0525
1 0.6175 0.265 0.045 0.07
1 0.605 0.205 0.035 0.0525
2 0.42 0.075 0.025 0.03
2 0.59 0.1 0.0225 0.04
1 0.5975 0.04 0.025 0.0325
1 0.665 0.1325 0.0325 0.04
2 0.6275 0.0225 0.025 0.0375
0 0.695 0.075 0.025 0.045
1 0.7475 0.055 0.03 0.0475
1 0.765 0.0575 0.0125 0.0325
2 0.725 0.05 0.02 0.0325
2 0.88 0.055 0.03 0.0375
1 0.9525 0.0975 0.03 0.045